0 0.838292 0.700862 0.022073 0.029310
0 0.932342 0.700862 0.035509 0.039655
0 0.655470 0.541379 0.007678 0.010345
0 0.811900 0.529310 0.023033 0.024138
0 0.275432 0.527586 0.015355 0.020690
0 0.484645 0.522414 0.007678 0.013793
0 0.355566 0.524138 0.010557 0.020690
0 0.922745 0.519828 0.018234 0.022414
0 0.970729 0.511207 0.010557 0.012069
0 0.263436 0.509483 0.012476 0.018966
0 0.276392 0.506034 0.009597 0.018966
0 0.904990 0.506034 0.015355 0.022414
0 0.544146 0.498276 0.005758 0.013793
0 0.439060 0.489655 0.016315 0.017241
0 0.746641 0.477586 0.015355 0.017241
0 0.670825 0.475000 0.009597 0.012069
0 0.367083 0.465517 0.008637 0.010345
0 0.374280 0.420690 0.009597 0.017241
0 0.948656 0.415517 0.014395 0.020690
0 0.547025 0.407759 0.007678 0.015517
0 0.816699 0.399138 0.017274 0.018966
0 0.265355 0.381897 0.008637 0.012069
0 0.550864 0.381897 0.009597 0.015517
0 0.781190 0.376724 0.017274 0.012069
0 0.956334 0.376724 0.014395 0.015517