0 0.727927 0.751724 0.020154 0.031034
0 0.773512 0.731034 0.011516 0.017241
0 0.713532 0.721552 0.008637 0.015517
0 0.802783 0.714655 0.014395 0.015517
0 0.787428 0.698276 0.008637 0.013793
0 0.463052 0.700000 0.014395 0.041379
0 0.856046 0.675000 0.023033 0.036207
0 0.833973 0.665517 0.013436 0.027586
0 0.594530 0.557759 0.006718 0.022414
0 0.701536 0.556034 0.017274 0.025862
0 0.683781 0.544828 0.014395 0.024138
0 0.191939 0.524138 0.013436 0.013793
0 0.123800 0.522414 0.011516 0.017241
0 0.853647 0.516379 0.016315 0.018966
0 0.422265 0.522414 0.021113 0.034483
0 0.157869 0.508621 0.018234 0.017241
0 0.835893 0.508621 0.007678 0.020690
0 0.628599 0.503448 0.009597 0.013793
0 0.872361 0.492241 0.013436 0.018966
0 0.930422 0.474138 0.020154 0.020690
0 0.070058 0.438793 0.013436 0.015517
0 0.623321 0.428448 0.014395 0.018966
0 0.262476 0.425000 0.014395 0.015517
0 0.517754 0.411207 0.014395 0.018966
0 0.171305 0.399138 0.014395 0.012069
0 0.484645 0.389655 0.011516 0.013793
0 0.777351 0.387931 0.007678 0.013793
0 0.923704 0.368103 0.010557 0.012069
0 0.913628 0.362931 0.007678 0.012069