0 0.135317 0.760345 0.007678 0.010345
0 0.159789 0.729310 0.006718 0.013793
0 0.286468 0.727586 0.012476 0.041379
0 0.171305 0.724138 0.035509 0.055172
0 0.358925 0.662069 0.026871 0.031034
0 0.532630 0.567241 0.011516 0.017241
0 0.193858 0.533621 0.013436 0.012069
0 0.107006 0.537069 0.027831 0.039655
0 0.197697 0.518103 0.009597 0.022414
0 0.301823 0.496552 0.014395 0.020690
0 0.739443 0.490517 0.010557 0.015517
0 0.451536 0.492241 0.018234 0.018966
0 0.319578 0.497414 0.019194 0.029310
0 0.639635 0.466379 0.008637 0.012069
0 0.616123 0.464655 0.009597 0.012069
0 0.704894 0.471552 0.025912 0.029310
0 0.756238 0.440517 0.007678 0.012069
0 0.215931 0.400862 0.015355 0.018966
0 0.098369 0.388793 0.010557 0.015517
0 0.498081 0.379310 0.013436 0.010345
0 0.183301 0.377586 0.009597 0.010345
0 0.801344 0.362069 0.013436 0.013793
0 0.619482 0.355172 0.012476 0.017241
0 0.703935 0.353448 0.008637 0.017241
0 0.760077 0.348276 0.009597 0.010345