0 0.517754 0.598276 0.012476 0.013793
0 0.129079 0.539655 0.012476 0.017241
0 0.116603 0.537069 0.010557 0.015517
0 0.077255 0.522414 0.022073 0.017241
0 0.403071 0.514655 0.011516 0.012069
0 0.402111 0.500862 0.009597 0.015517
0 0.380038 0.500862 0.028791 0.018966
0 0.296545 0.499138 0.005758 0.015517
0 0.444338 0.496552 0.015355 0.017241
0 0.552303 0.487069 0.014395 0.015517
0 0.473129 0.469828 0.011516 0.015517
0 0.461132 0.468103 0.006718 0.015517
0 0.153071 0.400000 0.016315 0.017241
0 0.089731 0.389655 0.020154 0.017241
0 0.516315 0.381897 0.009597 0.015517
0 0.372361 0.370690 0.011516 0.017241
0 0.282150 0.371552 0.009597 0.018966
0 0.458733 0.363793 0.015355 0.013793