0 0.532150 0.947414 0.023992 0.046552
0 0.554223 0.936207 0.022073 0.041379
0 0.371401 0.755172 0.007678 0.020690
0 0.350288 0.741379 0.015355 0.024138
0 0.285029 0.724138 0.013436 0.010345
0 0.046545 0.727586 0.022073 0.024138
0 0.268234 0.721552 0.016315 0.015517
0 0.291267 0.718103 0.018234 0.012069
0 0.375720 0.718103 0.016315 0.025862
0 0.248081 0.696552 0.010557 0.017241
0 0.276871 0.700862 0.033589 0.029310
0 0.267274 0.693103 0.014395 0.013793
0 0.073896 0.697414 0.019194 0.025862
0 0.383397 0.692241 0.025912 0.029310
0 0.192898 0.709483 0.069098 0.067241
0 0.033109 0.692241 0.048944 0.039655
0 0.368522 0.680172 0.009597 0.025862
0 0.630518 0.666379 0.009597 0.012069
0 0.618042 0.660345 0.026871 0.027586
0 0.446737 0.621552 0.023992 0.036207
0 0.422745 0.618966 0.012476 0.034483
0 0.545585 0.428448 0.023992 0.036207
0 0.190499 0.381897 0.027831 0.032759
0 0.104607 0.374138 0.021113 0.017241
0 0.414587 0.382759 0.036468 0.037931
0 0.214971 0.368966 0.011516 0.013793
0 0.905950 0.347414 0.013436 0.018966