0 0.893474 0.901724 0.019194 0.013793
0 0.955374 0.648276 0.033589 0.013793
0 0.937140 0.643103 0.018234 0.013793
0 0.890595 0.605172 0.013436 0.017241
0 0.908349 0.607759 0.025912 0.036207
0 0.931382 0.612069 0.020154 0.048276
0 0.951536 0.587069 0.027831 0.022414
0 0.836852 0.585345 0.005758 0.018966
0 0.890595 0.586207 0.032630 0.027586
0 0.882438 0.575000 0.016315 0.012069
0 0.781190 0.565517 0.009597 0.010345
0 0.561900 0.588793 0.056622 0.074138
0 0.790307 0.556034 0.010557 0.012069
0 0.828695 0.550000 0.010557 0.010345
0 0.815259 0.550862 0.010557 0.012069
0 0.527351 0.552586 0.006718 0.018966
0 0.602687 0.573276 0.024952 0.105172
0 0.680422 0.601724 0.117083 0.182759
0 0.563820 0.527586 0.075816 0.068966