0 0.941459 0.992241 0.011516 0.015517
0 0.948656 0.980172 0.027831 0.039655
0 0.970250 0.932759 0.024952 0.051724
0 0.511516 0.916379 0.013436 0.029310
0 0.596929 0.839655 0.007678 0.017241
0 0.677543 0.799138 0.021113 0.039655
0 0.554223 0.744828 0.075816 0.117241
0 0.586852 0.681034 0.016315 0.013793
0 0.593090 0.638793 0.074856 0.081034
0 0.502399 0.649138 0.056622 0.105172
0 0.903071 0.581034 0.017274 0.020690
0 0.575336 0.578448 0.016315 0.015517
0 0.607486 0.576724 0.044146 0.025862
0 0.488004 0.513793 0.064299 0.106897
0 0.580614 0.469828 0.082534 0.139655
0 0.475048 0.393966 0.074856 0.101724
0 0.457774 0.318103 0.026871 0.025862
0 0.561900 0.230172 0.025912 0.036207
0 0.589731 0.290517 0.102687 0.177586