0 0.512956 0.761207 0.079655 0.139655
0 0.501919 0.692241 0.015355 0.015517
0 0.555662 0.668103 0.040307 0.081034
0 0.569578 0.650862 0.052783 0.105172
0 0.486564 0.631034 0.046065 0.120690
0 0.554223 0.481897 0.010557 0.012069
0 0.561420 0.470690 0.007678 0.017241
0 0.573896 0.466379 0.017274 0.018966
0 0.580614 0.518966 0.072937 0.131034
0 0.445298 0.446552 0.015355 0.017241
0 0.500960 0.486207 0.046065 0.106897
0 0.469290 0.428448 0.015355 0.025862
0 0.469290 0.362931 0.005758 0.015517
0 0.481286 0.343966 0.023992 0.060345
0 0.598369 0.366379 0.060461 0.132759
0 0.455854 0.331897 0.028791 0.067241
0 0.519674 0.299138 0.006718 0.025862